82.6495333652981 41.24367515528794 64.2132019935575 46.560823719140316 30.91229703151651 60.30146652610587 35.42398015758833
69.30329909685356 62.07392304957041 24.201555609829708 66.68247774750685 65.20939988676903 2.0856472587741752 29.83736491485326
68.21669959639732 17.612840203219175 69.20805114237952 53.175179907731554 31.20164022194722 56.39015788880374 28.313713275495445
60.76221034803931 56.479063218313655 1.548412366314706 61.712818730198734 35.98814701566867 19.266834868717904 44.377190030518406
61.05038392649516 20.442323764582625 30.254056652241086 47.4673094700058 59.86384256610251 48.23805654852859 60.35900689812409
56.00260546953848 26.712391096666515 18.134560046318246 14.67838601269482 32.70024619944685 5.083382869031819 39.695143330146905
66.14120416085404 28.646879520254043 57.64339227714959 9.887907391273384 24.23714268013598 37.909247920914176 14.305678466829551
62.67888523412981 27.51708454024849 27.369102421294066 44.22514805614211 17.14315534587157 35.95655513462553 22.52335712203638
78.7087342604867 54.206234349425415 21.738259737835918 9.206457578465953 31.92107425524575 57.56927272334307 16.5451810536223
68.06480397968937 33.84782612927967 51.03339606972605 22.648998433860285 6.621946268255634 17.36379484131247 3.419516561497873
